AuthorID;PhenotypeID
18822;38237426
93202;6688744
56085;61849023
66449;66422021
55136;63944894
42580;54314461
16438;40043824
72017;25605297
81103;84271689
57051;70917864
86406;48476685
24152;28093503
47325;29500411
79630;67697813
67964;44033163
56287;34324742
96918;45243218
69862;53420940
85718;59821672
56854;29500411
32764;70908850
26710;75682489
13861;39482790
70261;57239765
46045;64348767
46045;3211075
26674;36629081
57978;89615127
81604;87833372
79573;48580893
50577;28061888
81325;26795020
30519;66960027
24647;99370248
70261;34165074
94624;89544637
34574;76123278
78036;15346538
11666;70239653
72399;57410970
97336;22119315
54868;93586131
40037;1324527
57883;35484798
12874;90832476
27014;31634115
70622;11155524
79118;82735533
35163;81661455
28511;31034575
41625;2067518
90994;81993744
39904;63801682
48600;94288482
22754;43927325
79644;24627736
47494;13410543
83741;60904730
49236;92956070
66091;22307816
51119;63801682
56502;31284433
97456;69466842
99128;68761604
15905;33617192
90609;60854920
78616;37660647
75315;28064207
91343;63290350
45192;86662580
39904;22307816
93332;21999144
48381;62751589
65858;12954255
14583;18286667
93671;55547094
96444;26914011
47546;21999144
82402;54314461
12057;82970133
78931;84564444
48523;15649949
37236;39598964
70301;74483233
15599;17007871
57978;51135223
78649;81028216
83312;40783664
98724;79169530
80546;13892267
71444;82517449
70579;60952318
84499;40492274
36038;33149771
21300;22026295
59489;83795173
79538;26816415
28161;26795020
27859;54356705
58855;62147604
19156;95567656
63641;6741074
71418;38564411
98670;21553493
73182;54497411
88803;51618793
98670;94358019
52574;12008896
66286;51618793
34697;84620772
27762;86055965
58403;6310117
28438;24512874
11562;36217745
52285;75113101
79468;71922760
20382;84433507
98986;35455950
27757;17121938
27402;47594046
67841;34321504
19259;14503243
38077;17997606
80615;68846757
81103;38974362
71548;44518399
29151;45243218
13467;67697813
78295;52974640
35302;10206726
13376;68842882
71119;34115401
72869;73897265
66022;43939793
55558;85173758
90251;71300261
91343;29215979
89063;91307919
91810;20923901
30837;81272952
12057;92643598
19302;7764181
89762;37762229
70301;43981627
82977;56682334
36686;38564411
93202;73897265
41547;89703749
84427;75321301
31781;49388415
77862;11531832
59039;74812244
81077;54033538
61787;86537422
10408;46034217
45710;69542009
68480;23675378
29537;78656283
84837;10640696
84860;87833372
50411;60904730
77648;26578778
93050;48982674
83554;93298300
16059;64967874
22252;21553493
51084;68846757
60826;57125330
47578;70248928
48505;43006844
99784;83068074
38594;34115401
50601;39643235
41547;27771657
32818;4986366
88305;1575900
44931;11094538
33302;26069769
16428;2522683
91343;69056403
51084;30694061
16227;13312260
19042;81865634
78706;26816415
50851;9609973
55994;19468788
93349;2058383
40230;11705467
27532;39558574
84197;89033300
97650;76123278
42093;9781898
98627;88122342
77071;30540821
16227;40783664
79468;78089661
18809;66020161
55000;44518399
41732;28988568
84230;15644359
47059;49932615
93174;64442326
37338;69071528
84499;81661455
39115;51880162
21410;71593595
37985;57525161
25167;39080071
47065;71138349
79118;63801682
20553;15346538
99523;93129214
51119;45750508
24948;73960066
23119;59040089
36686;86627811
84427;81028216
11947;92643598
47578;20158802
72515;18926850
89626;21999144
40316;56631042
86609;73479520
24002;28064207
57051;75695762
16507;28720844
80362;66120417
76480;22026295
63561;63805984
10117;97646915
24647;28639688
32781;67309785
93011;80626157
48223;68172205
72340;86436664
90251;43829472
71418;21999144
67112;38045566
67134;10883487
99598;1525338
12129;48296095
18102;6530193
83963;6310117
97714;34115401
93514;80087617
40583;45659756
12857;2067518
40865;17007871
57382;67551805
26611;90006035
61303;90462014
42006;80760247
50557;84564444
85534;25605297
45192;80626157
13782;66985423
45649;84407473
84427;7172318
41153;90189480
53383;62516022
33638;22720730
27404;40852475
94244;35455950
48381;9352487
83963;59238143
30449;49596396
56953;91692938
71532;56438011
80863;64185484
79630;75695762
32044;62667364
36805;60866687
95698;64185484
58855;13892267
28511;11637266
12405;25063804
75823;1869144
43878;7009481
50577;24512874
26710;62948921
48939;97444364
46811;44866787
50460;10110858
21450;78416543
35469;95696596
31576;73897265
25523;83491616
87545;28720844
36453;5122731
35469;49262226
75991;97646915
59938;83795173
12129;7865729
29156;30694061
11044;33776684
23119;51580921
54375;34215455
98321;70239653
53640;87905053
93548;23398755
30983;24627736
74894;22026295
58171;80760247
31006;44866787
50557;7865729
98634;88012661
64711;42416975
18716;4578613
85353;93061961
55537;81993744
44337;18000705
79468;41750368
57934;68577743
97824;49652250
80939;91205510
74610;93904753
59651;52875660
98967;30393581
98473;63290350
78931;39292055
50373;82059726
98967;59368252
70490;84564444
22754;21767408
90947;42578714
26214;66985423
89762;37762229
93548;37570516
90436;66985423
88410;50387514
16555;7749556
50460;60902695
15673;74594018
62754;96810636
37601;51880162
37601;44357451
20229;5591139
77605;75695762
51237;26328519
98103;21553493
46431;45243218
35469;14853137
35163;15653697
90191;33450913
96018;31706329
50601;44547012
46697;15653697
68593;84160892
24863;42506697
62434;64967874
33786;76589059
13467;66975468
48867;51880162
41153;16613978
96018;33538398
24638;37991046
40296;32639623
98634;59471823
79033;50112329
98103;67896900
59938;6985433
47059;14853137
22130;51880162
11947;82802313
46811;94747388
33830;21767408
26556;69046666
88803;92012038
53375;61849023
60492;84160892
27757;51832436
49172;37762229
55286;44547012
93332;31770034
31444;23678844
36453;56718483
95814;84231762
97412;6688744
25840;48726308
88410;60290690
92207;39429532
40138;46094483
98342;4998708
88042;52187258
70490;95608480
81077;88527969
18798;39209288
81919;15390025
64566;66343093
82574;9781898
40732;67667953
42580;8557331
78815;32625789
78517;44866787
43288;76424446
56323;76516483
71042;59843475
19463;66222058
67331;44637612
71603;14853137
57038;99398479
62754;55421120
47078;47156013
22439;83795173
26214;19222186
47020;52875660
17855;44666818
47180;14853137
38978;94094448
51900;99766167
11884;33776684
32074;28230804
54537;97567575
35191;64967874
81798;12277982
63281;83068074
37338;59932291
90994;32811637
80197;6141608
82402;46922324
81919;25560936
74135;28268735
46431;81332561
12805;95385543
81077;75074833
92208;5733905
32758;94979075
51890;19539730
41547;23200151
51084;22882080
40583;36798225
73800;18286667
25926;28064207
22546;79169530
97824;86662580
66170;81625485
76337;95119431
13298;44637612
29554;33974145
64016;91090588
86628;41163147
93168;69466842
39690;62877461
27372;69279476
76291;23554844
89600;73897265
98634;70239653
24656;13312260
81298;26328519
47059;82970133
93050;62948921
28258;88795948
98817;56185859
36759;5795017
50851;95493169
28707;76589059
80154;90110001
58171;81332561
68843;69279476
98967;95385543
59039;37991046
92208;59918800
40982;12277982
52871;28720844
75341;84271689
81325;41750368
17094;11157900
45978;45777016
97650;45427966
68069;63025093
76291;79051833
19341;13563239
91162;22307816
96124;24635674
19156;12798764
60320;42041824
32078;71138349
50577;30620041
87655;95567656
52522;85587939
44971;64806735
32764;34115401
91040;39473332
69824;82312347
79576;22019582
48523;10665011
91040;97603112
36074;86268559
17060;5013545
43878;36609593
89600;50404821
38077;46249516
18965;63386886
27404;31706329
19284;25697005
98670;73479520
94502;81272952
31095;96305445
24631;61343700
57214;73479520
88042;27606998
88909;83260880
20655;43829472
15437;58023014
89773;15888089
49675;87728664
15437;8452822
24002;94979075
88849;31234490
38356;20668619
96085;30721995
93676;44315161
62293;92316341
82264;23773408
28161;15346538
81298;87952912
52871;99766167
49236;6757456
28598;96305445
39690;57239765
37560;66960027
15437;71369248
41491;42041824
16453;66960027
32791;35770425
63569;74321777
95948;15196819
93676;12656478
70150;63805984
61303;83491616
74351;7661323
94859;62768460
18822;67645201
13799;84160892
62293;75321301
30519;25134136
85356;26660137
19463;85692560
55950;27938808
62754;35770425
74610;73795156
20655;26735723
89917;82569441
93491;46034217
50851;82735533
71444;31770034
99179;99094220
66283;28639688
64032;44547012
22063;98797541
27532;60904730
46697;88323434
27014;89377548
76320;97232420
27014;45659756
25243;28833851
49675;44946889
94752;62948921
74285;60854920
94859;92329877
84072;62505040
91810;67007821
45428;87848550
68825;19492765
32134;25134136
40982;48982674
31006;87967224
35191;6985433
37082;51893856
18716;32453517
55402;11379545
63473;88873765
98627;15012367
74210;28479259
22876;59631848
66170;14912435
50675;91205510
21450;90110001
43360;9352487
90825;73479520
98103;9273519
13376;15545578
27458;6741074
90140;52252592
75823;26505387
97824;12954255
75804;81627037
51890;66020161
13782;62655042
40349;93586131
97456;66277187
53024;15540134
93893;57642901
93174;65720675
10408;86436664
25243;25605297
19187;90832476
19393;29430161
70261;1646716
88874;12798764
47494;1513366
43288;25560936
71532;57525161
32747;68950401
39791;90323651
88779;83491616
17855;37161652
13317;70340492
44765;35909788
24948;93039468
14251;82735533
63281;98827157
32047;98759780
72017;78656283
30713;44357451
16059;22359738
39791;42578714
64985;23200151
80156;88126627
98817;13563239
75423;69466842
28258;59843475
81343;40624284
44340;43990753
80863;62948921
15905;74321777
16166;75695762
21410;92956070
16784;73795156
55446;23773408
33642;81841924
64925;71617619
31006;20366334
52522;10206726
23330;95814432
90487;84433507
20780;89314216
71445;91566873
88137;59471823
91162;37138825
87415;75074833
50577;41163147
18716;19087997
48505;25126957
67157;84620935
92408;64194024
43878;82802313
65956;7661323
31006;3657551
35469;9290778
11666;20668619
45742;91566873
57071;44666818
20384;19468788
27059;49457118
50675;24677983
78063;82059726
74885;44866787
84958;76424446
45726;25126957
25926;92316341
88779;90006035
91141;54033538
73711;66222058
98724;82868413
61044;76934755
84174;35770425
25840;47404878
90140;60853323
31873;29215979
96624;90268597
32047;37161652
55994;4007022
45974;38237426
42013;59918800
88779;2582184
68593;85692560
92397;80087617
62586;18382874
79630;94903301
80615;64967874
59982;63025093
19341;18000705
68827;16449714
47078;22307816
44765;67414573
15022;87000576
44337;99417788
29593;38564411
50373;6757456
80546;27908049
36302;30620041
20450;40193968
80156;68330520
20812;27567365
55286;42129353
53172;83795173
21300;37720157
29156;50112329
24863;63464032
84980;51880162
22468;79723274
13255;76339899
45710;89544637
26753;34215455
76666;12629399
72869;74275776
42179;70908870
66170;22307816
75685;15299111
25167;80760247
36302;93904753
70150;82517449
50460;44666818
74215;35770425
85010;54356705
96018;74812244
61303;21610224
80197;43813594
29122;86574341
18716;82868413
63473;19539730
70741;9327576
78706;39598964
14583;18747183
58171;19468788
98473;1513366
37314;6141608
38933;1374828
28707;54314461
66633;79755779
48523;93883477
82402;18125059
20229;54356705
96374;2574238
96561;62091660
68593;81916590
20780;88767595
80863;28833851
11562;38203442
66041;46922324
44971;8826042
18809;34049285
16453;68469783
65986;51580921
71418;89703749
68843;60788709
92207;47745584
98759;71133513
28524;11033944
17361;98331265
79427;99398479
69284;94903301
97714;66580137
19187;44518399
90487;47028304
42179;12629399
61014;81627037
50851;9290778
93659;23554844
83963;66422021
29370;41750368
70490;47745584
98009;62994015
55136;51135223
67964;45451618
42545;99094220
40502;20054858
33926;67172629
62448;9094315
62239;33617192
29460;44480195
93349;49799297
85630;59246109
57978;54314461
56137;90096693
67112;77188692
94244;15299111
49428;38203442
93893;47404878
20450;78138777
60492;37181434
86628;97189872
80165;24677983
75800;64967874
34933;30346518
36372;12277982
43014;22823140
38077;61343700
45286;69071528
74285;84620935
68276;66343093
70579;46418896
60789;90489166
76931;22019582
63001;30699419
84958;26660137
26709;14853137
78815;21999144
19302;61139509
52871;71027622
13317;39265766
33926;45750508
84107;64677045
15022;94358019
49236;92329877
10408;82978845
68825;10883487
31022;81332561
52871;78917329
27458;71922760
75315;60902695
46045;43006844
67841;27002870
32134;6050536
28869;86055965
56854;2582184
68276;70662917
98321;99876461
27014;73795156
29865;92316341
86609;3436156
70741;34115401
49957;99447307
14134;12798764
16428;16372195
20222;32099150
77862;93801161
78295;4998708
86406;37138825
44793;36012421
78036;24103076
26295;54497411
95814;23675378
34574;33924088
63561;75695762
42218;90268597
82264;95608480
18798;26167729
21539;98111640
11884;6985433
13738;29430161
57051;18949459
59537;80760247
42013;66729271
12874;11379545
84675;60928987
53024;82517449
76320;35298223
50994;53873109
68043;59040089
57978;47594046
20957;95119431
33525;88873765
96018;98797541
45726;11155524
78815;49262226
68043;28230804
62754;13892267
34696;98473553
59938;26816415
91108;62948921
65986;29373761
14134;43937582
97720;82045910
12888;1324527
50952;62994015
46635;15540134
45613;77167969
59489;81865634
13782;98797541
81798;27606998
98634;39651254
91108;52252592
85356;99332108
15912;75590355
27762;98473553
20812;23675378
38681;66975468
99784;8250238
22250;48149250
20553;61733127
45841;37720157
17094;1525338
26870;73381794
48707;18926850
28988;95090287
68431;82735533
88779;67172629
71532;24668015
90556;99148785
57214;78692988
13317;6050536
82402;79169530
14134;50404821
32791;1525338
62448;10779488
79576;33974145
25225;15012367
78649;60952318
99049;31770034
11553;95090287
87645;54192036
68849;40193968
21450;57335107
93332;12656478
53172;15012367
51669;6907359
46811;79193027
49428;42506697
27513;71138349
39064;78138777
19187;96735215
38681;39364193
97412;93144918
52522;81661455
22439;17685763
36074;4932504
43036;67551805
84579;52259700
57978;86268559
80135;65720675
36453;38564411
66091;66799088
43635;49652250
28258;30065808
83554;72517817
46045;77167969
10325;51828952
25830;56718483
96474;39209288
96085;12277982
81807;97100516
13255;17795807
47546;97626479
43698;17548326
16438;47156013
25840;26479533
13136;54314461
66187;95090287
29242;41480688
71444;94094448
24631;75884098
33525;57151335
47494;19222186
53721;37778872
47180;60952318
51084;49388415
40502;93061961
95663;89314216
17094;78416543
34027;28673223
77533;59246109
22252;96735215
29381;60523698
36759;88012661
11044;30065808
69223;87905053
33152;13892267
83810;27938808
87896;59246109
45974;70636470
26611;52875660
52871;32938402
45841;91697155
79644;56718483
67157;70248928
65956;69279476
78063;54033538
53375;39558574
25425;17631842
58491;54356705
23119;15012367
80197;71593595
38077;70908870
48707;6310117
67507;62479070
78386;96873137
78386;33545177
13738;90189480
98626;28061888
32062;63591518
28802;1324527
90454;28268735
97720;50663800
86325;5934699
56519;81332561
48707;73960066
85894;1525338
94752;57525161
94624;49085491
43635;98827157
32074;88795948
28161;8284399
34933;46581193
93050;62096981
17060;76339899
33525;11155524
35163;8802516
25523;67667953
